name: workflow1
channels:
  - conda-forge
dependencies:
  - absl-py=2.0.0=pyhd8ed1ab_0
  - astor=0.8.1=pyh9f0ad1d_0
  - ca-certificates=2025.10.5=h4c7d964_0
  - cached-property=1.5.2=hd8ed1ab_1
  - cached_property=1.5.2=pyha770c72_1
  - click=8.0.1=py36ha15d459_0
  - colorama=0.4.5=pyhd8ed1ab_0
  - dataclasses=0.8=pyh787bdff_2
  - flask=2.0.3=pyhd8ed1ab_0
  - gast=0.5.5=pyhd8ed1ab_0
  - google-pasta=0.2.0=pyh8c360ce_0
  - grpcio=1.38.1=py36h4374274_0
  - h5py=3.1.0=nompi_py36hf359dfe_100
  - hdf5=1.10.6=nompi_h5268f04_1114
  - importlib-metadata=4.8.1=py36ha15d459_0
  - itsdangerous=2.0.1=pyhd8ed1ab_0
  - jinja2=3.0.3=pyhd8ed1ab_0
  - keras-applications=1.0.8=py_1
  - keras-preprocessing=1.1.2=pyhd8ed1ab_0
  - krb5=1.20.1=h6609f42_0
  - libblas=3.9.0=35_h5709861_mkl
  - libcblas=3.9.0=35_h2a3cdd5_mkl
  - libcurl=8.1.2=h68f0423_0
  - libhwloc=2.11.2=default_hc8275d1_1000
  - libiconv=1.18=hc1393d2_2
  - liblapack=3.9.0=35_hf9ab0e9_mkl
  - libprotobuf=3.18.0=h7755175_1
  - libssh2=1.10.0=h680486a_3
  - libxml2=2.12.7=h283a6d9_1
  - libzlib=1.2.13=h2466b09_6
  - llvm-openmp=21.1.2=hfa2b4ca_3
  - m2w64-gcc-libgfortran=5.3.0=6
  - m2w64-gcc-libs=5.3.0=7
  - m2w64-gcc-libs-core=5.3.0=7
  - m2w64-gmp=6.1.0=2
  - m2w64-libwinpthread-git=5.0.0.4634.697f757=2
  - markdown=3.6=pyhd8ed1ab_0
  - markupsafe=2.0.1=py36h68aa20f_0
  - mkl=2024.2.2=h57928b3_16
  - msys2-conda-epoch=20160418=1
  - numpy=1.19.5=py36h4b40d73_2
  - openssl=1.1.1w=hcfcfb64_0
  - pip=21.3.1=pyhd8ed1ab_0
  - protobuf=3.18.0=py36he2d232f_0
  - psutil=5.8.0=py36h68aa20f_1
  - pthreads-win32=2.9.1=h2466b09_4
  - pyreadline=2.1=py36ha15d459_1004
  - python=3.6.15=h39d44d4_0_cpython
  - python_abi=3.6=2_cp36m
  - scipy=1.5.3=py36h27d303f_1
  - setuptools=58.0.4=py36ha15d459_2
  - six=1.16.0=pyh6c4a22f_0
  - tbb=2021.13.0=h62715c5_1
  - tensorboard=1.14.0=py36_0
  - tensorflow=1.14.0=h39a9291_0
  - tensorflow-base=1.14.0=py36h9f0ad1d_0
  - tensorflow-estimator=1.14.0=py36h5ca1d4c_0
  - termcolor=1.1.0=pyhd8ed1ab_3
  - typing_extensions=4.1.1=pyha770c72_0
  - ucrt=10.0.26100.0=h57928b3_0
  - vc=14.3=h41ae7f8_31
  - vc14_runtime=14.44.35208=h818238b_31
  - vcomp14=14.44.35208=h818238b_31
  - vs2015_runtime=14.44.35208=h38c0c73_31
  - werkzeug=2.0.2=pyhd8ed1ab_0
  - wheel=0.37.1=pyhd8ed1ab_0
  - wrapt=1.13.1=py36h68aa20f_0
  - zipp=3.6.0=pyhd8ed1ab_0
  - zlib=1.2.13=h2466b09_6
  - pip:
      - asgiref==3.4.1
      - certifi==2025.4.26
      - charset-normalizer==2.0.12
      - cycler==0.11.0
      - decorator==4.4.2
      - django==3.2.25
      - django-embed-video==1.4.10
      - easy-thumbnails==2.9
      - idna==3.10
      - keyboard==0.13.5
      - kiwisolver==1.3.1
      - matplotlib==3.3.4
      - networkx==2.5.1
      - packaging==21.3
      - pandas==1.1.5
      - paperclip==2.7.4
      - pillow==8.4.0
      - plotly==5.18.0
      - pygetwindow==0.0.9
      - pyparsing==3.1.4
      - pyrect==0.2.0
      - python-dateutil==2.9.0.post0
      - python-magic==0.4.27
      - pytz==2025.2
      - requests==2.27.1
      - seaborn==0.11.2
      - sqlparse==0.4.4
      - tenacity==8.2.2
      - urllib3==1.26.20
      - win32core==221.36
      - win32gui==221.6
